   2.00000, -98.70293,  18.77626
 -98.70295,  18.77626
 -98.70744,  18.77663
 -98.70987,  18.78052
 -98.71190,  18.78478
 -98.71194,  18.78482
 -98.71644,  18.78724
 -98.71817,  18.78904
 -98.71915,  18.79329
 -98.72021,  18.79755
 -98.71918,  18.80181
 -98.72063,  18.80606
 -98.72074,  18.81032
 -98.72064,  18.81457
 -98.72093,  18.81550
 -98.72340,  18.81883
 -98.72093,  18.82160
 -98.72059,  18.82309
 -98.72093,  18.82388
 -98.72513,  18.82734
 -98.72543,  18.82815
 -98.72781,  18.83160
 -98.72993,  18.83493
 -98.73087,  18.83585
 -98.73388,  18.84011
 -98.73442,  18.84296
 -98.73486,  18.84437
 -98.73442,  18.84511
 -98.73370,  18.84862
 -98.73167,  18.85288
 -98.73333,  18.85713
 -98.73208,  18.86139
 -98.73264,  18.86564
 -98.73273,  18.86989
 -98.73129,  18.87415
 -98.73316,  18.87841
 -98.73109,  18.88266
 -98.73415,  18.88692
 -98.73442,  18.88803
 -98.73795,  18.89117
 -98.73892,  18.89192
 -98.74190,  18.89542
 -98.74215,  18.89968
 -98.74207,  18.90393
 -98.74286,  18.90818
 -98.74335,  18.91244
 -98.74341,  18.91669
 -98.74342,  18.91676
 -98.74581,  18.92094
 -98.74610,  18.92520
 -98.74589,  18.92945
 -98.74791,  18.93301
 -98.74818,  18.93371
 -98.75005,  18.93796
 -98.75037,  18.94221
 -98.75066,  18.94647
 -98.75021,  18.95072
 -98.74934,  18.95497
 -98.74905,  18.95922
 -98.74791,  18.96144
 -98.74708,  18.96348
 -98.74416,  18.96773
 -98.74342,  18.96811
 -98.74322,  18.97198
 -98.74324,  18.97623
 -98.74319,  18.98049
 -98.74304,  18.98474
 -98.74310,  18.98899
 -98.74276,  18.99324
 -98.74296,  18.99749
 -98.74264,  19.00174
 -98.74255,  19.00599
 -98.74241,  19.01024
 -98.74170,  19.01450
 -98.74199,  19.01875
 -98.74077,  19.02300
 -98.74104,  19.02725
 -98.73969,  19.03150
 -98.73892,  19.03478
 -98.73879,  19.03575
 -98.73749,  19.04000
 -98.73483,  19.04425
 -98.73442,  19.04476
 -98.73434,  19.04850
 -98.73399,  19.05275
 -98.73422,  19.05700
 -98.73406,  19.06125
 -98.73402,  19.06550
 -98.73398,  19.06975
 -98.73190,  19.07400
 -98.73320,  19.07825
 -98.73030,  19.08250
 -98.73032,  19.08675
 -98.72993,  19.08736
 -98.72572,  19.09100
 -98.72543,  19.09116
 -98.72384,  19.09525
 -98.72427,  19.09950
 -98.72093,  19.10284
 -98.72026,  19.10375
 -98.72093,  19.10757
 -98.72129,  19.10799
 -98.72093,  19.10837
 -98.71664,  19.11224
 -98.71644,  19.11241
 -98.71583,  19.11649
 -98.71487,  19.12074
 -98.71194,  19.12369
 -98.70948,  19.12499
 -98.70744,  19.12879
 -98.70609,  19.12924
 -98.70295,  19.12991
 -98.70271,  19.13348
 -98.70270,  19.13774
 -98.70231,  19.14198
 -98.69845,  19.14590
 -98.69604,  19.14623
 -98.69395,  19.14784
 -98.69244,  19.15048
 -98.68946,  19.15296
 -98.68496,  19.15370
 -98.68047,  19.15340
 -98.67597,  19.15348
 -98.67266,  19.15048
 -98.67150,  19.14623
 -98.67147,  19.14620
 -98.66698,  19.14618
 -98.66248,  19.14540
 -98.65798,  19.14592
 -98.65349,  19.14483
 -98.64899,  19.14352
 -98.64564,  19.14198
 -98.64449,  19.14156
 -98.64163,  19.13774
 -98.64252,  19.13348
 -98.64000,  19.13340
 -98.63550,  19.13335
 -98.63100,  19.13139
 -98.62651,  19.13074
 -98.62492,  19.12924
 -98.62362,  19.12499
 -98.62201,  19.12260
 -98.61752,  19.12371
 -98.61325,  19.12074
 -98.61302,  19.12034
 -98.61054,  19.11649
 -98.60852,  19.11603
 -98.60403,  19.11502
 -98.60108,  19.11224
 -98.59987,  19.10799
 -98.60020,  19.10375
 -98.59953,  19.10360
 -98.59503,  19.10349
 -98.59080,  19.09950
 -98.59071,  19.09525
 -98.59054,  19.09502
 -98.58604,  19.09507
 -98.58154,  19.09188
 -98.57705,  19.09374
 -98.57331,  19.09100
 -98.57255,  19.09032
 -98.57100,  19.09100
 -98.56805,  19.09276
 -98.56356,  19.09173
 -98.55906,  19.09479
 -98.55457,  19.09502
 -98.55322,  19.09525
 -98.55224,  19.09950
 -98.55007,  19.10139
 -98.54557,  19.10268
 -98.54108,  19.10316
 -98.53658,  19.10368
 -98.53566,  19.10375
 -98.53208,  19.10677
 -98.53074,  19.10799
 -98.52759,  19.11070
 -98.52309,  19.11053
 -98.51859,  19.11140
 -98.51410,  19.11048
 -98.50960,  19.10996
 -98.50510,  19.10986
 -98.50061,  19.10857
 -98.49846,  19.10799
 -98.49681,  19.10375
 -98.49815,  19.09950
 -98.50061,  19.09787
 -98.50484,  19.09525
 -98.50510,  19.09490
 -98.50681,  19.09100
 -98.50960,  19.08803
 -98.51079,  19.08675
 -98.51410,  19.08453
 -98.51859,  19.08363
 -98.52309,  19.08282
 -98.52338,  19.08250
 -98.52309,  19.08092
 -98.52074,  19.07825
 -98.52309,  19.07571
 -98.52492,  19.07400
 -98.52759,  19.07179
 -98.53128,  19.07400
 -98.53208,  19.07406
 -98.53219,  19.07400
 -98.53658,  19.06999
 -98.54108,  19.06988
 -98.54109,  19.06975
 -98.54147,  19.06550
 -98.54557,  19.06167
 -98.55007,  19.06162
 -98.55091,  19.06125
 -98.55093,  19.05700
 -98.55457,  19.05356
 -98.55906,  19.05314
 -98.56356,  19.05282
 -98.56759,  19.05275
 -98.56805,  19.05177
 -98.56810,  19.04850
 -98.56896,  19.04425
 -98.57255,  19.04102
 -98.57705,  19.04011
 -98.58154,  19.04049
 -98.58162,  19.04000
 -98.58169,  19.03575
 -98.58604,  19.03164
 -98.59054,  19.03164
 -98.59078,  19.03150
 -98.59081,  19.02725
 -98.59503,  19.02326
 -98.59953,  19.02313
 -98.60282,  19.02300
 -98.60098,  19.01875
 -98.60403,  19.01466
 -98.60426,  19.01450
 -98.60852,  19.01192
 -98.60858,  19.01024
 -98.60860,  19.00599
 -98.61136,  19.00174
 -98.60943,  18.99749
 -98.61302,  18.99386
 -98.61371,  18.99324
 -98.61752,  18.98988
 -98.62109,  18.99324
 -98.62201,  18.99347
 -98.62202,  18.99324
 -98.62202,  18.98899
 -98.62203,  18.98474
 -98.62204,  18.98049
 -98.62206,  18.97623
 -98.62211,  18.97198
 -98.62215,  18.96773
 -98.62234,  18.96348
 -98.62447,  18.95922
 -98.62651,  18.95590
 -98.63100,  18.95564
 -98.63103,  18.95497
 -98.63106,  18.95072
 -98.63107,  18.94647
 -98.63115,  18.94221
 -98.63115,  18.93796
 -98.63128,  18.93371
 -98.63158,  18.92945
 -98.63214,  18.92520
 -98.63550,  18.92150
 -98.63683,  18.92094
 -98.64000,  18.91784
 -98.64003,  18.91669
 -98.64030,  18.91244
 -98.64017,  18.90818
 -98.64040,  18.90393
 -98.64053,  18.89968
 -98.64098,  18.89542
 -98.64449,  18.89157
 -98.64506,  18.89117
 -98.64700,  18.88692
 -98.64899,  18.88591
 -98.64999,  18.88266
 -98.64922,  18.87841
 -98.64991,  18.87415
 -98.64983,  18.86989
 -98.65040,  18.86564
 -98.65349,  18.86241
 -98.65468,  18.86139
 -98.65620,  18.85713
 -98.65798,  18.85610
 -98.66248,  18.85298
 -98.66254,  18.85288
 -98.66248,  18.85267
 -98.65831,  18.84862
 -98.65993,  18.84437
 -98.65935,  18.84011
 -98.65986,  18.83585
 -98.66248,  18.83328
 -98.66525,  18.83160
 -98.66698,  18.82812
 -98.66852,  18.82734
 -98.67147,  18.82650
 -98.67162,  18.82309
 -98.67169,  18.81883
 -98.67182,  18.81457
 -98.67218,  18.81032
 -98.67263,  18.80606
 -98.67597,  18.80223
 -98.67681,  18.80181
 -98.68047,  18.79789
 -98.68052,  18.79755
 -98.68134,  18.79329
 -98.68205,  18.78904
 -98.68400,  18.78478
 -98.68496,  18.78368
 -98.68946,  18.78085
 -98.69028,  18.78052
 -98.69395,  18.77771
 -98.69621,  18.77626
 -98.69845,  18.77533
 -98.70293,  18.77626
END
   2.00000, -98.49426,  19.11224
 -98.49162,  19.11501
 -98.48711,  19.11427
 -98.48498,  19.11649
 -98.48262,  19.11706
 -98.48137,  19.11649
 -98.47868,  19.11224
 -98.48262,  19.10936
 -98.48711,  19.11115
 -98.49162,  19.11093
 -98.49426,  19.11224
END
   3.00000, -98.70885,  18.78904
 -98.71023,  18.79329
 -98.71194,  18.79678
 -98.71259,  18.79755
 -98.71194,  18.79842
 -98.71089,  18.80181
 -98.71194,  18.80523
 -98.71262,  18.80606
 -98.71365,  18.81032
 -98.71301,  18.81457
 -98.71540,  18.81883
 -98.71539,  18.82309
 -98.71613,  18.82734
 -98.71644,  18.83075
 -98.71661,  18.83160
 -98.71886,  18.83585
 -98.72093,  18.83942
 -98.72154,  18.84011
 -98.72196,  18.84437
 -98.72382,  18.84862
 -98.72178,  18.85288
 -98.72477,  18.85713
 -98.72543,  18.85950
 -98.72608,  18.86139
 -98.72565,  18.86564
 -98.72543,  18.86621
 -98.72437,  18.86989
 -98.72282,  18.87415
 -98.72519,  18.87841
 -98.72543,  18.87932
 -98.72658,  18.88266
 -98.72799,  18.88692
 -98.72862,  18.89117
 -98.72970,  18.89542
 -98.72993,  18.89582
 -98.73434,  18.89968
 -98.73442,  18.89982
 -98.73609,  18.90393
 -98.73492,  18.90818
 -98.73522,  18.91244
 -98.73460,  18.91669
 -98.73560,  18.92094
 -98.73668,  18.92520
 -98.73828,  18.92945
 -98.73867,  18.93371
 -98.73892,  18.93437
 -98.74105,  18.93796
 -98.74165,  18.94221
 -98.74220,  18.94647
 -98.74177,  18.95072
 -98.74178,  18.95497
 -98.74187,  18.95922
 -98.74126,  18.96348
 -98.74203,  18.96773
 -98.74129,  18.97198
 -98.74166,  18.97623
 -98.74112,  18.98049
 -98.73965,  18.98474
 -98.74031,  18.98899
 -98.73892,  18.99148
 -98.73839,  18.99324
 -98.73887,  18.99749
 -98.73754,  19.00174
 -98.73679,  19.00599
 -98.73553,  19.01024
 -98.73494,  19.01450
 -98.73442,  19.01553
 -98.73417,  19.01875
 -98.73355,  19.02300
 -98.73384,  19.02725
 -98.73311,  19.03150
 -98.73330,  19.03575
 -98.73311,  19.04000
 -98.73164,  19.04425
 -98.73298,  19.04850
 -98.72993,  19.05272
 -98.72991,  19.05275
 -98.72993,  19.05281
 -98.73245,  19.05700
 -98.73080,  19.06125
 -98.73032,  19.06550
 -98.72997,  19.06975
 -98.72993,  19.06980
 -98.72708,  19.07400
 -98.72543,  19.07778
 -98.72538,  19.07825
 -98.72374,  19.08250
 -98.72422,  19.08675
 -98.72093,  19.09068
 -98.72076,  19.09100
 -98.71898,  19.09525
 -98.71745,  19.09950
 -98.71644,  19.10069
 -98.71339,  19.10375
 -98.71531,  19.10799
 -98.71194,  19.11099
 -98.71118,  19.11224
 -98.71139,  19.11649
 -98.70892,  19.12074
 -98.70744,  19.12199
 -98.70295,  19.12193
 -98.70257,  19.12499
 -98.70227,  19.12924
 -98.70057,  19.13348
 -98.70042,  19.13774
 -98.69845,  19.14082
 -98.69395,  19.14153
 -98.69328,  19.14198
 -98.68946,  19.14543
 -98.68737,  19.14623
 -98.68496,  19.14824
 -98.68047,  19.14857
 -98.67706,  19.14623
 -98.67597,  19.14608
 -98.67156,  19.14198
 -98.67147,  19.14194
 -98.67132,  19.14198
 -98.66698,  19.14544
 -98.66299,  19.14198
 -98.66248,  19.14172
 -98.65990,  19.14198
 -98.65798,  19.14317
 -98.65636,  19.14198
 -98.65349,  19.14043
 -98.64985,  19.13774
 -98.64899,  19.13603
 -98.64745,  19.13348
 -98.64449,  19.13318
 -98.64000,  19.13264
 -98.63550,  19.13215
 -98.63221,  19.12924
 -98.63127,  19.12499
 -98.63100,  19.12464
 -98.62651,  19.12431
 -98.62281,  19.12074
 -98.62201,  19.11835
 -98.61816,  19.11649
 -98.61752,  19.11642
 -98.61324,  19.11224
 -98.61302,  19.11209
 -98.60852,  19.11211
 -98.60403,  19.10933
 -98.60292,  19.10799
 -98.60403,  19.10589
 -98.60426,  19.10375
 -98.60403,  19.10359
 -98.59953,  19.10228
 -98.59503,  19.10115
 -98.59328,  19.09950
 -98.59247,  19.09525
 -98.59054,  19.09257
 -98.58604,  19.09339
 -98.58337,  19.09100
 -98.58154,  19.08789
 -98.57915,  19.08675
 -98.57705,  19.08654
 -98.57295,  19.08250
 -98.57255,  19.08232
 -98.57201,  19.08250
 -98.56805,  19.08620
 -98.56356,  19.08637
 -98.56308,  19.08675
 -98.55906,  19.09050
 -98.55608,  19.09100
 -98.55457,  19.09134
 -98.55007,  19.09255
 -98.54596,  19.09525
 -98.54557,  19.09570
 -98.54108,  19.09843
 -98.53880,  19.09950
 -98.53658,  19.10048
 -98.53208,  19.10018
 -98.52759,  19.10091
 -98.52319,  19.09950
 -98.52309,  19.09943
 -98.51859,  19.09556
 -98.51839,  19.09525
 -98.51859,  19.09374
 -98.51893,  19.09100
 -98.52309,  19.08730
 -98.52347,  19.08675
 -98.52739,  19.08250
 -98.52759,  19.08207
 -98.52915,  19.07825
 -98.53208,  19.07636
 -98.53613,  19.07400
 -98.53658,  19.07359
 -98.53720,  19.07400
 -98.54108,  19.07470
 -98.54200,  19.07400
 -98.54311,  19.06975
 -98.54549,  19.06550
 -98.54557,  19.06543
 -98.55007,  19.06491
 -98.55457,  19.06181
 -98.55541,  19.06125
 -98.55824,  19.05700
 -98.55906,  19.05659
 -98.56356,  19.05350
 -98.56805,  19.05307
 -98.57255,  19.05287
 -98.57274,  19.05275
 -98.57255,  19.05191
 -98.56921,  19.04850
 -98.57255,  19.04501
 -98.57327,  19.04425
 -98.57705,  19.04104
 -98.58135,  19.04425
 -98.58154,  19.04428
 -98.58157,  19.04425
 -98.58228,  19.04000
 -98.58302,  19.03575
 -98.58604,  19.03289
 -98.59054,  19.03284
 -98.59302,  19.03150
 -98.59326,  19.02725
 -98.59503,  19.02558
 -98.59953,  19.02429
 -98.60403,  19.02309
 -98.60663,  19.02300
 -98.60852,  19.01912
 -98.60852,  19.01875
 -98.60863,  19.01450
 -98.60909,  19.01024
 -98.60925,  19.00599
 -98.61302,  19.00233
 -98.61459,  19.00174
 -98.61575,  18.99749
 -98.61752,  18.99586
 -98.62201,  18.99558
 -98.62211,  18.99324
 -98.62215,  18.98899
 -98.62219,  18.98474
 -98.62229,  18.98049
 -98.62241,  18.97623
 -98.62299,  18.97198
 -98.62345,  18.96773
 -98.62527,  18.96348
 -98.62651,  18.96212
 -98.62964,  18.96348
 -98.63100,  18.96363
 -98.63105,  18.96348
 -98.63116,  18.95922
 -98.63134,  18.95497
 -98.63150,  18.95072
 -98.63158,  18.94647
 -98.63249,  18.94221
 -98.63242,  18.93796
 -98.63376,  18.93371
 -98.63550,  18.93055
 -98.63622,  18.92945
 -98.64000,  18.92635
 -98.64030,  18.92520
 -98.64082,  18.92094
 -98.64082,  18.91669
 -98.64301,  18.91244
 -98.64165,  18.90818
 -98.64409,  18.90393
 -98.64449,  18.90230
 -98.64484,  18.89968
 -98.64841,  18.89542
 -98.64899,  18.89495
 -98.65049,  18.89117
 -98.65012,  18.88692
 -98.65349,  18.88340
 -98.65382,  18.88266
 -98.65349,  18.88115
 -98.65125,  18.87841
 -98.65349,  18.87560
 -98.65411,  18.87415
 -98.65466,  18.86989
 -98.65768,  18.86564
 -98.65798,  18.86537
 -98.66141,  18.86139
 -98.65956,  18.85713
 -98.66248,  18.85447
 -98.66338,  18.85288
 -98.66248,  18.84982
 -98.66125,  18.84862
 -98.66248,  18.84722
 -98.66373,  18.84437
 -98.66470,  18.84011
 -98.66698,  18.83660
 -98.67147,  18.83601
 -98.67154,  18.83585
 -98.67212,  18.83160
 -98.67239,  18.82734
 -98.67299,  18.82309
 -98.67366,  18.81883
 -98.67497,  18.81457
 -98.67597,  18.81270
 -98.67738,  18.81032
 -98.68047,  18.80755
 -98.68132,  18.80606
 -98.68445,  18.80181
 -98.68425,  18.79755
 -98.68496,  18.79648
 -98.68704,  18.79329
 -98.68946,  18.79015
 -98.69113,  18.78904
 -98.69395,  18.78741
 -98.69845,  18.78512
 -98.70295,  18.78560
 -98.70744,  18.78757
 -98.70885,  18.78904
END
   4.00000, -98.69503,  18.81032
 -98.69686,  18.81457
 -98.69839,  18.81883
 -98.69845,  18.82051
 -98.69856,  18.82309
 -98.69959,  18.82734
 -98.69939,  18.83160
 -98.70014,  18.83585
 -98.70193,  18.84011
 -98.70295,  18.84279
 -98.70345,  18.84437
 -98.70295,  18.84616
 -98.70232,  18.84862
 -98.70295,  18.85100
 -98.70359,  18.85288
 -98.70316,  18.85713
 -98.70531,  18.86139
 -98.70622,  18.86564
 -98.70744,  18.86989
 -98.70744,  18.86997
 -98.70783,  18.87415
 -98.70811,  18.87841
 -98.70744,  18.88219
 -98.70740,  18.88266
 -98.70744,  18.88288
 -98.70897,  18.88692
 -98.71051,  18.89117
 -98.71194,  18.89440
 -98.71230,  18.89542
 -98.71566,  18.89968
 -98.71644,  18.90167
 -98.71712,  18.90393
 -98.71814,  18.90818
 -98.71909,  18.91244
 -98.72018,  18.91669
 -98.71906,  18.92094
 -98.71993,  18.92520
 -98.72093,  18.92646
 -98.72411,  18.92945
 -98.72543,  18.93151
 -98.72644,  18.93371
 -98.72736,  18.93796
 -98.72797,  18.94221
 -98.72992,  18.94647
 -98.72993,  18.94658
 -98.73042,  18.95072
 -98.73113,  18.95497
 -98.73215,  18.95922
 -98.73057,  18.96348
 -98.73300,  18.96773
 -98.73368,  18.97198
 -98.73320,  18.97623
 -98.73164,  18.98049
 -98.72993,  18.98453
 -98.72990,  18.98474
 -98.72993,  18.98508
 -98.73086,  18.98899
 -98.72993,  18.99026
 -98.72878,  18.99324
 -98.72954,  18.99749
 -98.72846,  19.00174
 -98.72861,  19.00599
 -98.72832,  19.01024
 -98.72790,  19.01450
 -98.72771,  19.01875
 -98.72723,  19.02300
 -98.72654,  19.02725
 -98.72628,  19.03150
 -98.72574,  19.03575
 -98.72543,  19.03953
 -98.72540,  19.04000
 -98.72543,  19.04193
 -98.72547,  19.04425
 -98.72543,  19.04440
 -98.72459,  19.04850
 -98.72269,  19.05275
 -98.72377,  19.05700
 -98.72211,  19.06125
 -98.72177,  19.06550
 -98.72093,  19.06709
 -98.72030,  19.06975
 -98.71895,  19.07400
 -98.71899,  19.07825
 -98.71766,  19.08250
 -98.71644,  19.08509
 -98.71562,  19.08675
 -98.71194,  19.08994
 -98.71095,  19.09100
 -98.70985,  19.09525
 -98.70912,  19.09950
 -98.70744,  19.10247
 -98.70699,  19.10375
 -98.70528,  19.10799
 -98.70295,  19.11167
 -98.70277,  19.11224
 -98.70141,  19.11649
 -98.69915,  19.12074
 -98.69845,  19.12222
 -98.69757,  19.12499
 -98.69521,  19.12924
 -98.69395,  19.13120
 -98.69173,  19.13348
 -98.68968,  19.13774
 -98.68946,  19.13792
 -98.68496,  19.14062
 -98.68047,  19.14084
 -98.67597,  19.14143
 -98.67147,  19.13986
 -98.66698,  19.13957
 -98.66324,  19.13774
 -98.66248,  19.13674
 -98.66019,  19.13348
 -98.65798,  19.13311
 -98.65349,  19.13196
 -98.64899,  19.13120
 -98.64449,  19.12989
 -98.64332,  19.12924
 -98.64000,  19.12738
 -98.63750,  19.12499
 -98.63550,  19.12352
 -98.63277,  19.12074
 -98.63100,  19.11933
 -98.62651,  19.11702
 -98.62614,  19.11649
 -98.62337,  19.11224
 -98.62201,  19.11069
 -98.61752,  19.11090
 -98.61335,  19.10799
 -98.61302,  19.10667
 -98.61172,  19.10375
 -98.60852,  19.10272
 -98.60418,  19.09950
 -98.60403,  19.09930
 -98.59977,  19.09525
 -98.59953,  19.09507
 -98.59503,  19.09105
 -98.59498,  19.09100
 -98.59054,  19.08738
 -98.58944,  19.08675
 -98.58604,  19.08495
 -98.58403,  19.08250
 -98.58154,  19.08018
 -98.57705,  19.08082
 -98.57255,  19.07930
 -98.56805,  19.07998
 -98.56356,  19.07972
 -98.55906,  19.07975
 -98.55457,  19.08031
 -98.55308,  19.07825
 -98.55205,  19.07400
 -98.55428,  19.06975
 -98.55457,  19.06957
 -98.55906,  19.06643
 -98.56140,  19.06550
 -98.56356,  19.06382
 -98.56426,  19.06125
 -98.56657,  19.05700
 -98.56805,  19.05625
 -98.57255,  19.05450
 -98.57524,  19.05275
 -98.57649,  19.04850
 -98.57705,  19.04795
 -98.58154,  19.04636
 -98.58337,  19.04425
 -98.58604,  19.04095
 -98.58765,  19.04000
 -98.59054,  19.03786
 -98.59193,  19.03575
 -98.59503,  19.03299
 -98.59953,  19.03164
 -98.59969,  19.03150
 -98.60032,  19.02725
 -98.60403,  19.02401
 -98.60852,  19.02339
 -98.61052,  19.02300
 -98.60879,  19.01875
 -98.60993,  19.01450
 -98.61302,  19.01062
 -98.61328,  19.01024
 -98.61430,  19.00599
 -98.61752,  19.00361
 -98.62201,  19.00328
 -98.62237,  19.00174
 -98.62267,  18.99749
 -98.62302,  18.99324
 -98.62338,  18.98899
 -98.62383,  18.98474
 -98.62480,  18.98049
 -98.62602,  18.97623
 -98.62651,  18.97546
 -98.62939,  18.97198
 -98.63100,  18.97031
 -98.63194,  18.96773
 -98.63349,  18.96348
 -98.63357,  18.95922
 -98.63452,  18.95497
 -98.63550,  18.95181
 -98.63572,  18.95072
 -98.63670,  18.94647
 -98.63879,  18.94221
 -98.64000,  18.94034
 -98.64119,  18.93796
 -98.64449,  18.93389
 -98.64457,  18.93371
 -98.64449,  18.93245
 -98.64399,  18.92945
 -98.64449,  18.92843
 -98.64535,  18.92520
 -98.64608,  18.92094
 -98.64724,  18.91669
 -98.64867,  18.91244
 -98.64899,  18.91171
 -98.65071,  18.90818
 -98.65349,  18.90541
 -98.65424,  18.90393
 -98.65416,  18.89968
 -98.65563,  18.89542
 -98.65657,  18.89117
 -98.65789,  18.88692
 -98.65798,  18.88665
 -98.65974,  18.88266
 -98.66078,  18.87841
 -98.66248,  18.87678
 -98.66440,  18.87415
 -98.66490,  18.86989
 -98.66633,  18.86564
 -98.66698,  18.86353
 -98.66755,  18.86139
 -98.66992,  18.85713
 -98.67082,  18.85288
 -98.67147,  18.85190
 -98.67352,  18.84862
 -98.67532,  18.84437
 -98.67597,  18.84210
 -98.67643,  18.84011
 -98.67781,  18.83585
 -98.67863,  18.83160
 -98.68047,  18.82878
 -98.68223,  18.82734
 -98.68496,  18.82347
 -98.68514,  18.82309
 -98.68646,  18.81883
 -98.68822,  18.81457
 -98.68946,  18.81150
 -98.69157,  18.81032
 -98.69395,  18.80946
 -98.69503,  18.81032
END
   5.00000, -98.69792,  18.97198
 -98.69845,  18.97326
 -98.70060,  18.97623
 -98.70295,  18.97922
 -98.70406,  18.98049
 -98.70346,  18.98474
 -98.70295,  18.98502
 -98.69845,  18.98622
 -98.69627,  18.98899
 -98.69509,  18.99324
 -98.69395,  18.99466
 -98.68946,  18.99714
 -98.68904,  18.99749
 -98.68496,  18.99964
 -98.68047,  19.00102
 -98.67979,  19.00174
 -98.67888,  19.00599
 -98.67597,  19.01002
 -98.67558,  19.01024
 -98.67147,  19.01354
 -98.67088,  19.01450
 -98.67147,  19.01524
 -98.67504,  19.01875
 -98.67597,  19.02137
 -98.67652,  19.02300
 -98.67649,  19.02725
 -98.67658,  19.03150
 -98.67613,  19.03575
 -98.67597,  19.03726
 -98.67572,  19.04000
 -98.67597,  19.04090
 -98.67675,  19.04425
 -98.68002,  19.04850
 -98.68047,  19.04988
 -98.68168,  19.05275
 -98.68156,  19.05700
 -98.68047,  19.05853
 -98.67784,  19.06125
 -98.67597,  19.06377
 -98.67482,  19.06550
 -98.67458,  19.06975
 -98.67375,  19.07400
 -98.67445,  19.07825
 -98.67410,  19.08250
 -98.67445,  19.08675
 -98.67281,  19.09100
 -98.67363,  19.09525
 -98.67525,  19.09950
 -98.67597,  19.10228
 -98.67635,  19.10375
 -98.67692,  19.10799
 -98.67752,  19.11224
 -98.67744,  19.11649
 -98.67693,  19.12074
 -98.67597,  19.12224
 -98.67396,  19.12499
 -98.67147,  19.12594
 -98.66943,  19.12499
 -98.66698,  19.12288
 -98.66302,  19.12074
 -98.66248,  19.12052
 -98.65798,  19.12018
 -98.65349,  19.11833
 -98.64899,  19.11681
 -98.64813,  19.11649
 -98.64449,  19.11466
 -98.64000,  19.11277
 -98.63956,  19.11224
 -98.63741,  19.10799
 -98.63550,  19.10564
 -98.63100,  19.10400
 -98.63074,  19.10375
 -98.62917,  19.09950
 -98.62651,  19.09744
 -98.62201,  19.09564
 -98.62135,  19.09525
 -98.61752,  19.09112
 -98.61742,  19.09100
 -98.61302,  19.08748
 -98.61186,  19.08675
 -98.60852,  19.08404
 -98.60698,  19.08250
 -98.60403,  19.07872
 -98.60342,  19.07825
 -98.59953,  19.07566
 -98.59746,  19.07400
 -98.59503,  19.07146
 -98.59284,  19.06975
 -98.59054,  19.06820
 -98.58705,  19.06550
 -98.58604,  19.06332
 -98.58424,  19.06125
 -98.58604,  19.05969
 -98.58698,  19.05700
 -98.58813,  19.05275
 -98.59054,  19.04979
 -98.59241,  19.04850
 -98.59503,  19.04650
 -98.59621,  19.04425
 -98.59789,  19.04000
 -98.59953,  19.03863
 -98.60403,  19.03592
 -98.60414,  19.03575
 -98.60560,  19.03150
 -98.60852,  19.02748
 -98.60865,  19.02725
 -98.61302,  19.02407
 -98.61353,  19.02300
 -98.61302,  19.02047
 -98.61143,  19.01875
 -98.61302,  19.01687
 -98.61475,  19.01450
 -98.61752,  19.01169
 -98.62201,  19.01153
 -98.62257,  19.01024
 -98.62496,  19.00599
 -98.62651,  19.00364
 -98.62818,  19.00174
 -98.63100,  18.99756
 -98.63112,  18.99749
 -98.63360,  18.99324
 -98.63550,  18.99214
 -98.64000,  18.99209
 -98.64449,  18.99002
 -98.64707,  18.98899
 -98.64899,  18.98831
 -98.65349,  18.98686
 -98.65784,  18.98474
 -98.65798,  18.98463
 -98.65844,  18.98474
 -98.66248,  18.98508
 -98.66319,  18.98474
 -98.66698,  18.98067
 -98.66720,  18.98049
 -98.67147,  18.97813
 -98.67597,  18.97666
 -98.67761,  18.97623
 -98.68047,  18.97445
 -98.68496,  18.97332
 -98.68650,  18.97198
 -98.68946,  18.97020
 -98.69395,  18.96926
 -98.69792,  18.97198
END
END
